FarUidValidity 11
NearUidValidity 1757764512
MaxPulledUid 7204
MaxPushedUid 2356

1 1 S
2 2 S
3 3 S
4 4 
5 5 
6 6 
7 7 S
8 8 
9 9 
10 10 S
13 11 
17 12 
18 13 S
19 14 S
20 15 
21 16 S
22 17 
23 18 
24 19 
25 20 
26 21 
27 22 
28 23 
29 24 
30 25 
31 26 
32 27 
33 28 
34 29 
35 30 
36 31 
37 32 
38 33 
39 34 
40 35 
41 36 
42 37 
43 38 
44 39 
45 40 
46 41 
47 42 
48 43 
49 44 
50 45 
51 46 
52 47 
53 48 
54 49 
55 50 
56 51 
57 52 
58 53 
59 54 
60 55 
61 56 
62 57 
63 58 
64 59 
65 60 
66 61 
67 62 
68 63 
69 64 
70 65 
71 66 
72 67 
73 68 
74 69 
75 70 
76 71 
78 72 
79 73 
80 74 
81 75 
82 76 
83 77 
84 78 
85 79 
86 80 
87 81 
88 82 
89 83 
90 84 
99 85 
101 86 
102 87 
103 88 
104 89 
107 90 
108 91 
109 92 
110 93 
112 94 
113 95 
114 96 
115 97 
117 98 
118 99 
119 100 
120 101 
121 102 
122 103 
123 104 
125 105 
126 106 
127 107 
128 108 
129 109 
130 110 
131 111 
132 112 
133 113 
134 114 
135 115 
136 116 
137 117 
140 118 
141 119 
142 120 
143 121 
144 122 
145 123 
146 124 
147 125 
148 126 
149 127 
150 128 
151 129 
153 130 
154 131 
155 132 S
156 133 S
158 134 
159 135 
160 136 
161 137 
163 138 S
164 139 
165 140 
166 141 
167 142 
168 143 
169 144 S
170 145 
171 146 
172 147 
174 148 
175 149 
177 150 
178 151 
179 152 
180 153 
181 154 
182 155 
183 156 
184 157 
185 158 
186 159 
187 160 
188 161 
189 162 
190 163 
191 164 
192 165 
193 166 
194 167 
195 168 
196 169 
197 170 
198 171 
200 172 
201 173 
202 174 
203 175 
204 176 
205 177 
207 178 
208 179 
210 180 
211 181 
212 182 
214 183 
215 184 
216 185 
217 186 
218 187 
219 188 
220 189 
221 190 
222 191 
223 192 
224 193 
225 194 
226 195 
227 196 
228 197 
230 198 
231 199 
232 200 
233 201 
234 202 
235 203 
236 204 
237 205 
238 206 
239 207 
240 208 
241 209 
242 210 
243 211 
244 212 
245 213 
246 214 
247 215 
248 216 
249 217 
250 218 
251 219 
252 220 
253 221 
254 222 
255 223 
256 224 
257 225 
258 226 
259 227 
260 228 
261 229 
262 230 
263 231 
264 232 
265 233 
266 234 
267 235 
268 236 
269 237 
270 238 
271 239 
273 240 
274 241 
275 242 
276 243 
277 244 
278 245 
279 246 
280 247 
281 248 
282 249 
283 250 
284 251 
285 252 
286 253 
288 254 
289 255 
290 256 
291 257 
292 258 
293 259 
294 260 
295 261 
296 262 
297 263 
298 264 
299 265 
300 266 
301 267 
302 268 
303 269 
304 270 
305 271 
306 272 
307 273 
309 274 
310 275 
311 276 
312 277 
313 278 
314 279 
315 280 
316 281 
317 282 
319 283 
320 284 
321 285 
322 286 
323 287 
326 288 
327 289 
328 290 
329 291 
330 292 
331 293 
332 294 
334 295 
335 296 
336 297 
337 298 
338 299 
339 300 
340 301 
341 302 
342 303 
343 304 
345 305 
346 306 
348 307 
349 308 
353 309 
354 310 
355 311 
356 312 
360 313 
361 314 
362 315 
363 316 
364 317 
365 318 
366 319 
367 320 
368 321 
370 322 
371 323 
372 324 
373 325 
374 326 
375 327 
376 328 
377 329 
379 330 
380 331 
381 332 
382 333 
383 334 
387 335 
388 336 
391 337 
392 338 
394 339 
395 340 
396 341 
397 342 
399 343 S
402 344 S
404 345 
405 346 
406 347 
407 348 
408 349 
412 350 
420 351 
429 352 
438 353 
439 354 
443 355 
445 356 
446 357 
449 358 
450 359 
451 360 
453 361 
454 362 
456 363 
457 364 
458 365 
460 366 
461 367 
463 368 
464 369 
466 370 
468 371 
469 372 
470 373 
472 374 
473 375 
474 376 
475 377 
476 378 
479 379 
480 380 
481 381 
485 382 
488 383 
489 384 
490 385 
492 386 
495 387 
502 388 
504 389 
507 390 
516 391 
521 392 
522 393 
526 394 
535 395 
546 396 
552 397 
563 398 
566 399 
587 400 
588 401 
589 402 
590 403 
591 404 
592 405 
593 406 
594 407 
595 408 
596 409 
597 410 
599 411 
600 412 
601 413 
602 414 
603 415 S
604 416 
605 417 
606 418 
607 419 
608 420 
609 421 
610 422 
611 423 
612 424 
613 425 
614 426 
615 427 
616 428 
617 429 
618 430 
619 431 
620 432 
621 433 
622 434 
623 435 
624 436 
625 437 
626 438 
627 439 
628 440 
629 441 
630 442 
632 443 
633 444 
634 445 
635 446 
636 447 
637 448 
638 449 
639 450 
640 451 
641 452 
642 453 
644 454 
645 455 
646 456 
647 457 
648 458 
650 459 
651 460 
652 461 
653 462 
654 463 
655 464 S
656 465 
657 466 
659 467 
660 468 
661 469 
662 470 
663 471 
665 472 
666 473 
668 474 
669 475 S
671 476 
672 477 
673 478 
674 479 
675 480 
676 481 
678 482 
679 483 
680 484 
681 485 
682 486 
683 487 
684 488 
686 489 
687 490 
688 491 
690 492 
693 493 
694 494 
695 495 
697 496 
701 497 
702 498 
703 499 
705 500 
706 501 
707 502 
708 503 
709 504 
710 505 
712 506 
713 507 
714 508 
715 509 S
716 510 
717 511 
718 512 
719 513 
720 514 
721 515 
722 516 
723 517 
725 518 
726 519 
727 520 
728 521 
729 522 
730 523 
731 524 
734 525 
735 526 
737 527 
739 528 
741 529 
742 530 
746 531 
748 532 
750 533 
752 534 
754 535 
756 536 
758 537 
759 538 
760 539 
762 540 
763 541 
764 542 
765 543 
766 544 
768 545 
769 546 
771 547 
773 548 
776 549 
777 550 
778 551 
779 552 
780 553 
781 554 
782 555 
783 556 
784 557 
785 558 
786 559 
788 560 
790 561 
791 562 
792 563 
793 564 
794 565 
795 566 
796 567 
797 568 
798 569 
801 570 
802 571 
805 572 
806 573 
807 574 
808 575 
809 576 
811 577 
812 578 
813 579 
814 580 
815 581 
816 582 
817 583 
818 584 
823 585 
824 586 
826 587 
827 588 
828 589 
829 590 
830 591 
832 592 
834 593 
836 594 
839 595 
840 596 
842 597 
845 598 
846 599 
847 600 
848 601 S
849 602 
850 603 
851 604 
852 605 
854 606 
855 607 
856 608 
857 609 
858 610 
859 611 
860 612 
861 613 
863 614 
864 615 
866 616 
867 617 
868 618 
869 619 
870 620 
871 621 
872 622 
873 623 
874 624 
876 625 
877 626 
878 627 
879 628 
880 629 
881 630 
882 631 
883 632 
885 633 
886 634 
888 635 
889 636 
890 637 
891 638 
892 639 
893 640 
894 641 
895 642 
897 643 
898 644 
899 645 
900 646 
901 647 
902 648 
903 649 
904 650 
905 651 
906 652 
907 653 
908 654 
909 655 
911 656 
912 657 
913 658 
914 659 
915 660 
916 661 
917 662 
918 663 
919 664 
920 665 
921 666 
922 667 
923 668 
924 669 
925 670 
926 671 
927 672 
928 673 
929 674 
930 675 
931 676 
933 677 
934 678 
935 679 
942 680 
944 681 
947 682 
949 683 
950 684 
951 685 
953 686 
956 687 
957 688 
958 689 
959 690 
960 691 
965 692 
967 693 
968 694 
970 695 
971 696 
973 697 
974 698 
975 699 
980 700 
981 701 
982 702 
983 703 
984 704 
985 705 
986 706 
987 707 
988 708 
989 709 
990 710 
991 711 
992 712 
993 713 
994 714 
995 715 
996 716 
997 717 
998 718 
999 719 
1000 720 
1001 721 
1002 722 
1003 723 
1004 724 
1005 725 
1006 726 
1008 727 
1012 728 
1013 729 
1014 730 
1016 731 
1017 732 
1018 733 
1019 734 
1020 735 
1021 736 
1022 737 
1023 738 
1024 739 S
1025 740 
1026 741 
1027 742 
1028 743 
1029 744 
1030 745 
1031 746 
1032 747 
1033 748 
1034 749 
1036 750 
1037 751 
1038 752 
1039 753 
1040 754 
1041 755 
1043 756 
1045 757 
1047 758 
1049 759 
1051 760 
1053 761 
1054 762 
1055 763 
1056 764 
1058 765 
1059 766 
1060 767 
1061 768 
1062 769 
1063 770 
1064 771 
1065 772 
1066 773 
1067 774 
1069 775 
1071 776 
1072 777 
1073 778 
1074 779 
1075 780 
1076 781 
1077 782 
1078 783 
1080 784 
1081 785 
1082 786 
1083 787 
1084 788 
1085 789 
1087 790 
1088 791 
1089 792 
1090 793 
1091 794 
1092 795 
1093 796 
1094 797 
1095 798 
1096 799 
1097 800 
1098 801 
1099 802 
1100 803 
1101 804 
1103 805 
1106 806 
1107 807 
1108 808 
1109 809 
1110 810 
1111 811 
1113 812 
1114 813 
1115 814 
1116 815 
1117 816 
1118 817 
1120 818 
1121 819 
1122 820 
1123 821 
1124 822 
1125 823 
1126 824 
1127 825 
1128 826 
1129 827 
1131 828 
1132 829 
1133 830 
1134 831 
1135 832 
1138 833 
1139 834 
1140 835 
1141 836 
1142 837 
1143 838 
1144 839 
1146 840 
1147 841 
1148 842 
1149 843 
1150 844 
1151 845 
1152 846 
1153 847 
1154 848 
1156 849 
1157 850 
1158 851 
1159 852 
1160 853 
1162 854 
1164 855 
1165 856 
1166 857 
1169 858 
1170 859 
1174 860 
1175 861 
1176 862 
1177 863 
1178 864 
1179 865 
1180 866 
1181 867 
1182 868 
1183 869 S
1184 870 S
1185 871 
1186 872 
1187 873 
1188 874 
1189 875 
1190 876 
1191 877 S
1195 878 
1204 879 
1205 880 
1208 881 
1209 882 
1210 883 
1212 884 
1214 885 
1215 886 
1216 887 
1217 888 
1218 889 
1219 890 
1220 891 
1221 892 
1222 893 
1223 894 
1224 895 
1226 896 
1227 897 
1228 898 S
1230 899 S
1231 900 S
1232 901 
1234 902 
1235 903 
1236 904 
1239 905 
1241 906 
1242 907 
1243 908 
1244 909 
1245 910 
1246 911 
1248 912 
1256 913 S
1260 914 
1271 915 
1273 916 
1275 917 
1276 918 
1277 919 
1278 920 
1279 921 
1280 922 
1281 923 
1283 924 
1284 925 
1285 926 
1286 927 
1287 928 
1289 929 
1291 930 
1292 931 
1293 932 
1294 933 
1295 934 S
1296 935 S
1297 936 S
1298 937 
1299 938 
1300 939 
1302 940 
1303 941 S
1304 942 
1305 943 
1306 944 
1307 945 
1308 946 
1309 947 
1310 948 
1311 949 
1313 950 
1314 951 
1315 952 S
1316 953 
1317 954 
1318 955 
1319 956 
1320 957 
1321 958 
1322 959 
1325 960 
1326 961 
1327 962 
1328 963 
1329 964 
1330 965 
1333 966 
1335 967 
1336 968 
1337 969 
1339 970 
1340 971 
1341 972 
1342 973 
1343 974 
1346 975 
1347 976 
1348 977 
1350 978 
1353 979 
1355 980 
1358 981 
1360 982 
1361 983 
1362 984 
1365 985 
1366 986 
1368 987 
1370 988 
1371 989 
1372 990 
1376 991 S
1377 992 
1378 993 
1382 994 
1383 995 
1384 996 
1385 997 
1386 998 
1387 999 
1388 1000 
1389 1001 
1390 1002 
1393 1003 S
1395 1004 
1396 1005 
1398 1006 
1399 1007 
1400 1008 
1401 1009 
1402 1010 
1403 1011 
1404 1012 
1405 1013 
1406 1014 
1407 1015 
1408 1016 
1410 1017 
1417 1018 
1418 1019 S
1419 1020 
1422 1021 
1423 1022 
1425 1023 
1428 1024 
1429 1025 
1430 1026 
1431 1027 
1432 1028 
1433 1029 
1434 1030 
1435 1031 
1437 1032 S
1439 1033 
1440 1034 
1441 1035 
1442 1036 
1444 1037 
1445 1038 
1446 1039 
1447 1040 
1449 1041 
1450 1042 
1452 1043 
1454 1044 
1457 1045 
1458 1046 
1459 1047 
1461 1048 
1462 1049 
1465 1050 
1466 1051 
1467 1052 
1468 1053 
1469 1054 
1470 1055 
1472 1056 
1473 1057 
1474 1058 
1475 1059 
1477 1060 
1478 1061 
1479 1062 
1480 1063 
1482 1064 
1483 1065 
1484 1066 
1485 1067 
1486 1068 
1488 1069 
1489 1070 
1490 1071 
1491 1072 
1493 1073 S
1495 1074 
1496 1075 
1497 1076 
1504 1077 
1505 1078 
1508 1079 
1510 1080 
1512 1081 
1516 1082 
1517 1083 
1518 1084 
1519 1085 
1523 1086 
1524 1087 
1526 1088 
1528 1089 S
1533 1090 
1534 1091 
1535 1092 
1536 1093 
1537 1094 
1544 1095 
1547 1096 
1550 1097 
1551 1098 
1558 1099 
1560 1100 
1571 1101 
1575 1102 
1579 1103 
1581 1104 
1586 1105 
1587 1106 
1589 1107 
1594 1108 
1595 1109 
1596 1110 
1602 1111 
1604 1112 
1608 1113 
1611 1114 
1614 1115 
1615 1116 
1616 1117 
1617 1118 
1623 1119 
1625 1120 
1628 1121 
1631 1122 
1635 1123 
1636 1124 
1637 1125 
1638 1126 
1639 1127 
1640 1128 
1642 1129 
1643 1130 
1644 1131 
1647 1132 
1648 1133 
1650 1134 
1653 1135 
1654 1136 
1656 1137 
1657 1138 
1659 1139 S
1663 1140 
1664 1141 
1667 1142 
1668 1143 
1669 1144 
1670 1145 
1671 1146 
1672 1147 
1673 1148 
1674 1149 
1675 1150 
1676 1151 
1677 1152 
1679 1153 
1682 1154 
1685 1155 
1686 1156 
1687 1157 
1688 1158 
1689 1159 
1690 1160 
1691 1161 
1696 1162 
1697 1163 
1700 1164 
1705 1165 
1706 1166 
1707 1167 
1710 1168 
1711 1169 
1714 1170 
1715 1171 
1716 1172 
1717 1173 
1718 1174 
1721 1175 
1722 1176 
1723 1177 
1726 1178 
1727 1179 
1729 1180 
1730 1181 
1732 1182 
1733 1183 
1735 1184 
1736 1185 
1737 1186 
1739 1187 
1740 1188 
1742 1189 
1744 1190 
1746 1191 
1747 1192 
1748 1193 
1749 1194 
1750 1195 
1752 1196 
1755 1197 
1756 1198 
1758 1199 
1759 1200 
1760 1201 
1761 1202 
1762 1203 
1766 1204 
1767 1205 
1769 1206 
1771 1207 
1772 1208 
1773 1209 
1775 1210 
1777 1211 
1779 1212 
1780 1213 
1781 1214 
1782 1215 
1786 1216 
1788 1217 
1789 1218 
1790 1219 
1792 1220 
1796 1221 
1797 1222 
1798 1223 
1799 1224 
1801 1225 
1802 1226 
1804 1227 
1805 1228 
1806 1229 
1807 1230 
1809 1231 
1810 1232 
1811 1233 
1813 1234 
1816 1235 
1818 1236 
1819 1237 
1820 1238 
1821 1239 
1822 1240 
1823 1241 
1824 1242 
1827 1243 
1828 1244 
1829 1245 
1830 1246 
1832 1247 
1833 1248 
1834 1249 
1835 1250 
1836 1251 
1837 1252 S
1838 1253 
1839 1254 
1841 1255 
1843 1256 
1849 1257 
1850 1258 S
1852 1259 
1853 1260 
1855 1261 
1857 1262 
1859 1263 
1860 1264 
1864 1265 
1867 1266 
1874 1267 
1875 1268 
1876 1269 
1877 1270 
1881 1271 
1882 1272 
1884 1273 
1885 1274 
1886 1275 
1892 1276 
1893 1277 
1894 1278 
1898 1279 
1899 1280 
1900 1281 
1901 1282 
1902 1283 
1903 1284 
1904 1285 
1906 1286 
1907 1287 
1908 1288 
1909 1289 
1913 1290 
1919 1291 
1920 1292 
1923 1293 
1924 1294 
1925 1295 
1926 1296 
1927 1297 
1928 1298 
1929 1299 
1930 1300 
1931 1301 
1932 1302 
1933 1303 
1938 1304 
1939 1305 
1940 1306 
1941 1307 
1942 1308 
1944 1309 
1945 1310 
1949 1311 
1952 1312 
1953 1313 
1954 1314 
1955 1315 
1956 1316 
1959 1317 
1960 1318 
1961 1319 
1962 1320 
1965 1321 
1973 1322 
1974 1323 
1975 1324 
1977 1325 
1983 1326 
1984 1327 
1985 1328 
1986 1329 
1988 1330 
1989 1331 
1990 1332 
1991 1333 
1992 1334 
1994 1335 
1996 1336 
1997 1337 
1998 1338 
2002 1339 
2011 1340 
2012 1341 
2014 1342 
2015 1343 
2017 1344 
2020 1345 
2021 1346 
2022 1347 
2023 1348 
2024 1349 
2028 1350 
2032 1351 
2034 1352 
2038 1353 
2039 1354 
2040 1355 
2042 1356 
2043 1357 
2044 1358 
2045 1359 
2046 1360 
2047 1361 
2048 1362 
2049 1363 
2052 1364 
2053 1365 
2054 1366 
2055 1367 
2056 1368 
2057 1369 
2060 1370 
2061 1371 
2062 1372 
2063 1373 
2068 1374 
2070 1375 
2071 1376 
2072 1377 
2079 1378 
2082 1379 
2083 1380 
2084 1381 
2085 1382 
2086 1383 
2087 1384 
2088 1385 
2090 1386 
2091 1387 
2093 1388 
2094 1389 
2095 1390 
2097 1391 
2098 1392 
2099 1393 
2100 1394 
2102 1395 
2103 1396 
2105 1397 
2107 1398 
2108 1399 
2111 1400 
2114 1401 
2115 1402 
2116 1403 
2117 1404 
2120 1405 
2124 1406 
2129 1407 
2130 1408 
2135 1409 
2137 1410 
2138 1411 
2139 1412 
2140 1413 
2143 1414 
2144 1415 
2145 1416 
2147 1417 
2148 1418 
2151 1419 
2154 1420 
2155 1421 
2161 1422 
2169 1423 
2170 1424 
2177 1425 
2179 1426 
2181 1427 
2185 1428 
2190 1429 
2197 1430 
2205 1431 
2213 1432 
2217 1433 
2219 1434 
2233 1435 
2242 1436 
2245 1437 
2249 1438 
2250 1439 
2251 1440 
2252 1441 
2253 1442 
2254 1443 
2256 1444 
2259 1445 
2261 1446 
2271 1447 
2275 1448 
2278 1449 
2280 1450 
2287 1451 
2290 1452 
2292 1453 
2295 1454 
2297 1455 
2309 1456 
2310 1457 
2314 1458 
2316 1459 
2320 1460 
2321 1461 
2323 1462 
2329 1463 
2334 1464 
2344 1465 
2345 1466 
2346 1467 
2348 1468 
2349 1469 
2353 1470 
2357 1471 
2363 1472 
2368 1473 
2372 1474 
2374 1475 
2376 1476 
2377 1477 
2378 1478 
2379 1479 
2382 1480 
2383 1481 
2387 1482 
2397 1483 
2399 1484 
2407 1485 
2408 1486 
2410 1487 
2412 1488 
2420 1489 
2421 1490 
2423 1491 
2425 1492 
2427 1493 
2432 1494 
2434 1495 
2435 1496 
2437 1497 
2439 1498 
2441 1499 
2443 1500 
2445 1501 
2450 1502 
2452 1503 
2453 1504 
2457 1505 
2459 1506 
2466 1507 
2467 1508 
2469 1509 
2471 1510 
2475 1511 
2477 1512 
2478 1513 
2482 1514 
2483 1515 
2485 1516 
2491 1517 
2492 1518 
2493 1519 
2494 1520 
2497 1521 
2499 1522 
2523 1523 S
2524 1524 
2527 1525 
2532 1526 
2533 1527 
2535 1528 
2540 1529 
2597 1530 
2619 1531 S
2623 1532 S
2624 1533 S
2625 1534 S
2637 1535 S
2643 1536 S
2650 1537 
2651 1538 
2660 1539 
2661 1540 S
2662 1541 S
2663 1542 
2664 1543 
2665 1544 
2666 1545 S
2670 1546 S
2671 1547 S
2672 1548 S
2673 1549 S
2675 1550 S
2676 1551 S
2677 1552 
2682 1553 S
2683 1554 
2684 1555 S
2685 1556 S
2687 1557 S
2688 1558 
2689 1559 
2690 1560 
2691 1561 
2693 1562 
2694 1563 
2695 1564 
2696 1565 
2697 1566 
2699 1567 
2700 1568 
2701 1569 
2702 1570 
2703 1571 S
2704 1572 S
2706 1573 
2707 1574 
2709 1575 S
2715 1576 
2716 1577 
2717 1578 
2718 1579 
2719 1580 
2720 1581 
2724 1582 
2726 1583 
2727 1584 
2728 1585 
2729 1586 
2730 1587 
2732 1588 
2733 1589 
2734 1590 S
2735 1591 S
2743 1592 S
2744 1593 S
2747 1594 S
2749 1595 S
2750 1596 S
2751 1597 S
2752 1598 S
2753 1599 S
2754 1600 S
2755 1601 S
2756 1602 S
2757 1603 S
2758 1604 S
2759 1605 
2760 1606 S
2761 1607 S
2763 1608 S
2764 1609 S
2772 1610 S
2776 1611 S
2780 1612 S
2781 1613 S
2782 1614 S
2783 1615 S
2785 1616 S
2786 1617 S
2787 1618 S
2788 1619 S
2792 1620 S
2793 1621 S
2796 1622 S
2797 1623 S
2799 1624 S
2800 1625 S
2801 1626 S
2802 1627 S
2805 1628 S
2810 1629 S
2811 1630 S
2812 1631 S
2813 1632 S
2814 1633 S
2815 1634 S
2816 1635 S
2817 1636 S
2820 1637 S
2821 1638 S
2822 1639 S
2824 1640 S
2829 1641 S
2830 1642 S
2831 1643 S
2832 1644 S
2833 1645 S
2836 1646 S
2837 1647 S
2839 1648 S
2840 1649 
2841 1650 S
2842 1651 S
2844 1652 
2846 1653 
2847 1654 
2848 1655 
2853 1656 
2856 1657 
2857 1658 S
2858 1659 S
2859 1660 
2860 1661 
2861 1662 S
2862 1663 
2863 1664 
2864 1665 
2865 1666 
2866 1667 S
2867 1668 
2868 1669 
2869 1670 S
2870 1671 S
2872 1672 
2873 1673 
2874 1674 
2875 1675 
2876 1676 S
2878 1677 
2879 1678 S
2881 1679 S
2882 1680 
2886 1681 
2887 1682 
2888 1683 
2889 1684 
2890 1685 
2891 1686 
2892 1687 
2894 1688 
2895 1689 
2896 1690 
2900 1691 
2901 1692 
2902 1693 
2905 1694 
2906 1695 
2907 1696 
2908 1697 
2910 1698 
2912 1699 
2913 1700 
2914 1701 
2916 1702 
2917 1703 
2919 1704 
2920 1705 
2921 1706 
2923 1707 
2924 1708 
2925 1709 
2926 1710 
2927 1711 
2928 1712 
2929 1713 
2931 1714 
2932 1715 
2935 1716 
2936 1717 
2937 1718 
2938 1719 
2939 1720 
2940 1721 
2941 1722 
2942 1723 
2943 1724 
2944 1725 
2945 1726 
2947 1727 
2948 1728 
2949 1729 
2950 1730 
2952 1731 
2955 1732 
2956 1733 
2957 1734 
2958 1735 
2959 1736 
2960 1737 
2962 1738 
2963 1739 
2964 1740 S
2968 1741 
2969 1742 
2970 1743 
2971 1744 
2972 1745 
2973 1746 
2974 1747 
2975 1748 
2976 1749 
2979 1750 
2982 1751 
2983 1752 
2984 1753 
2985 1754 
2986 1755 
2987 1756 
2989 1757 
2990 1758 
2991 1759 
2993 1760 
2994 1761 S
2996 1762 S
2999 1763 
3000 1764 
3001 1765 
3002 1766 
3004 1767 
3006 1768 
3009 1769 
3010 1770 
3011 1771 
3012 1772 
3013 1773 
3015 1774 S
3016 1775 
3017 1776 
3018 1777 
3020 1778 
3023 1779 
3025 1780 
3026 1781 
3027 1782 
3028 1783 
3029 1784 
3030 1785 
3031 1786 
3032 1787 
3033 1788 
3037 1789 
3038 1790 
3039 1791 
3042 1792 S
3048 1793 
3051 1794 
3052 1795 
3054 1796 
3058 1797 
3067 1798 S
3068 1799 S
3070 1800 
3071 1801 
3072 1802 
3073 1803 
3075 1804 
3077 1805 S
3079 1806 S
3081 1807 S
3083 1808 S
3085 1809 S
3088 1810 S
3099 1811 S
3100 1812 FS
3102 1813 S
3103 1814 S
3106 1815 
3107 1816 
3108 1817 
3109 1818 
3112 1819 S
3113 1820 S
3114 1821 S
3116 1822 S
3118 1823 S
3119 1824 S
3121 1825 
3122 1826 
3124 1827 S
3125 1828 
3126 1829 
3127 1830 
3130 1831 
3134 1832 S
3138 1833 S
3139 1834 
3142 1835 
3145 1836 
3148 1837 
3149 1838 
3152 1839 
3154 1840 FS
3156 1841 
3157 1842 
3159 1843 
3160 1844 
3161 1845 
3162 1846 
3163 1847 
3164 1848 
3165 1849 S
3166 1850 
3169 1851 S
3171 1852 
3173 1853 
3174 1854 
3175 1855 
3177 1856 
3178 1857 
3184 1858 
3185 1859 
3202 1860 
3210 1861 
3212 1862 
3219 1863 S
3226 1864 
3228 1865 
3243 1866 S
3246 1867 
3250 1868 
3272 1869 
3275 1870 
3336 1871 
3346 1872 S
3361 1873 S
3395 1874 
3408 1875 S
3483 1876 
3530 1877 S
3560 1878 
3562 1879 
3577 1880 
3596 1881 
3613 1882 S
3614 1883 S
3615 1884 S
3619 1885 S
3621 1886 S
3626 1887 S
3637 1888 
3645 1889 S
3655 1890 S
3660 1891 S
3661 1892 S
3663 1893 
3675 1894 
3677 1895 
3679 1896 
3682 1897 
3688 1898 
3690 1899 
3708 1900 
3710 1901 
3713 1902 S
3716 1903 S
3723 1904 S
3731 1905 S
3738 1906 S
3740 1907 S
3742 1908 
3743 1909 S
3748 1910 S
3750 1911 S
3751 1912 S
3758 1913 
3766 1914 
3775 1915 S
3778 1916 S
3779 1917 
3781 1918 S
3793 1919 S
3795 1920 S
3797 1921 
3801 1922 S
3819 1923 
3831 1924 S
3839 1925 S
3840 1926 S
3849 1927 
3851 1928 S
3852 1929 
3855 1930 S
3860 1931 S
3862 1932 S
3867 1933 S
3872 1934 
3880 1935 S
3883 1936 S
3890 1937 S
3896 1938 S
3921 1939 S
3922 1940 
3925 1941 
3929 1942 
3930 1943 S
3934 1944 S
3941 1945 S
3942 1946 S
3953 1947 
3957 1948 FS
3960 1949 
3967 1950 S
3970 1951 S
3975 1952 
3978 1953 
3980 1954 
3988 1955 S
3990 1956 S
3994 1957 
3998 1958 
4003 1959 
4010 1960 S
4015 1961 S
4019 1962 
4021 1963 
4035 1964 
4038 1965 S
4046 1966 
4047 1967 
4066 1968 
4067 1969 
4073 1970 
4076 1971 
4117 1972 
4122 1973 
4127 1974 
4131 1975 
4142 1976 
4148 1977 
4157 1978 
4163 1979 S
4164 1980 
4170 1981 S
4173 1982 
4178 1983 S
4191 1984 
4198 1985 S
4207 1986 
4211 1987 
4218 1988 S
4236 1989 
4238 1990 
4244 1991 
4246 1992 
4262 1993 
4268 1994 
4275 1995 
4286 1996 S
4290 1997 
4291 1998 
4301 1999 
4306 2000 
4311 2001 
4343 2002 S
4355 2003 
4360 2004 S
4370 2005 S
4383 2006 S
4391 2007 
4397 2008 S
4401 2009 
4402 2010 
4407 2011 S
4414 2012 S
4417 2013 
4420 2014 S
4439 2015 
4440 2016 S
4441 2017 
4444 2018 
4455 2019 S
4460 2020 
4473 2021 S
4479 2022 S
4482 2023 S
4483 2024 S
4484 2025 S
4485 2026 S
4486 2027 
4500 2028 
4509 2029 
4512 2030 S
4514 2031 S
4515 2032 S
4519 2033 
4528 2034 
4530 2035 
4532 2036 
4534 2037 S
4537 2038 S
4544 2039 
4545 2040 S
4559 2041 
4574 2042 S
4578 2043 
4588 2044 
4609 2045 S
4610 2046 S
4611 2047 S
4612 2048 S
4613 2049 S
4619 2050 S
4620 2051 S
4621 2052 S
4622 2053 S
4624 2054 S
4625 2055 S
4626 2056 
4633 2057 S
4635 2058 
4646 2059 
4653 2060 S
4654 2061 S
4659 2062 S
4660 2063 
4666 2064 
4667 2065 S
4668 2066 
4670 2067 
4673 2068 S
4678 2069 
4680 2070 S
4691 2071 S
4696 2072 S
4697 2073 
4698 2074 S
4702 2075 S
4703 2076 S
4707 2077 S
4711 2078 S
4712 2079 S
4715 2080 S
4716 2081 S
4727 2082 
4729 2083 S
4730 2084 S
4733 2085 S
4736 2086 
4742 2087 S
4746 2088 S
4750 2089 S
4754 2090 S
4755 2091 S
4756 2092 S
4757 2093 S
4761 2094 S
4768 2095 
4770 2096 
4771 2097 
4772 2098 
4773 2099 
4774 2100 
4775 2101 
4776 2102 
4778 2103 
4779 2104 
4784 2105 
4785 2106 
4789 2107 S
4792 2108 
4796 2109 S
4798 2110 
4800 2111 
4801 2112 
4802 2113 
4805 2114 
4806 2115 S
4808 2116 S
4810 2117 
4811 2118 S
4812 2119 S
4813 2120 
4824 2121 S
4830 2122 S
4831 2123 S
4832 2124 S
4835 2125 S
4837 2126 
4838 2127 S
4846 2128 S
4853 2129 S
4857 2130 S
4863 2131 S
4866 2132 S
4868 2133 S
4870 2134 S
4882 2135 
4898 2136 FS
4899 2137 S
4900 2138 S
4901 2139 S
4905 2140 FS
4907 2141 S
4912 2142 
4921 2143 
4925 2144 
4936 2145 
4941 2146 S
4942 2147 S
4947 2148 S
4951 2149 S
4957 2150 S
4964 2151 RS
4966 2152 FS
4967 2153 
4972 2154 
4979 2155 FS
4983 2156 
4998 2157 
5000 2158 
5008 2159 
5033 2160 
5049 2161 
5054 2162 
5062 2163 
5063 2164 
5069 2165 S
5070 2166 
5071 2167 
5094 2168 
5106 2169 
5121 2170 
5128 2171 
5137 2172 
5139 2173 S
5140 2174 
5144 2175 
5153 2176 
5156 2177 
5157 2178 
5163 2179 
5164 2180 
5171 2181 
5177 2182 FPRS
5178 2183 S
5189 2184 S
5195 2185 
5203 2186 FS
5209 2187 S
5210 2188 S
5215 2189 FS
5216 2190 S
5229 2191 S
5244 2192 FS
5245 2193 S
5261 2194 
5265 2195 
5266 2196 S
5270 2197 
5278 2198 
5280 2199 S
5296 2200 S
5298 2201 S
5319 2202 S
5320 2203 S
5321 2204 S
5322 2205 
5325 2206 
5347 2207 S
5351 2208 S
5365 2209 
5381 2210 
5386 2211 
5397 2212 
5408 2213 
5412 2214 
5413 2215 
5416 2216 S
5417 2217 S
5424 2218 
5461 2219 
5467 2220 
5487 2221 S
5488 2222 S
5489 2223 S
5495 2224 
5499 2225 
5504 2226 
5514 2227 
5517 2228 
5540 2229 S
5543 2230 
5611 2231 S
5629 2232 RS
5634 2233 RS
5639 2234 S
5640 2235 RS
5645 2236 S
5646 2237 S
5647 2238 RS
5649 2239 RS
5650 2240 S
5651 2241 S
5652 2242 RS
5656 2243 S
5669 2244 S
5671 2245 
5688 2246 
5701 2247 
5720 2248 
5721 2249 
5741 2250 
5811 2251 
5812 2252 
5814 2253 
5815 2254 
5824 2255 
5825 2256 
5833 2257 
5834 2258 
5838 2259 
5845 2260 
5853 2261 
5854 2262 
5855 2263 S
5859 2264 S
5864 2265 
5869 2266 S
5872 2267 S
5882 2268 
5901 2269 S
5908 2270 
5928 2271 S
5929 2272 S
5930 2273 S
5933 2274 S
5940 2275 
5955 2276 S
5960 2277 
5965 2278 S
5966 2279 S
5967 2280 S
5968 2281 S
5977 2282 
6056 2283 
6084 2284 
6085 2285 
6086 2286 
6087 2287 
6088 2288 
6089 2289 
6106 2290 S
6119 2291 S
6202 2292 S
6205 2293 
6255 2294 
6266 2295 S
6288 2296 S
6297 2297 
6300 2298 S
6307 2299 S
6313 2300 
6325 2301 S
6331 2302 
6335 2303 S
6343 2304 S
6352 2305 
6364 2306 
6376 2307 S
6380 2308 S
6412 2309 S
6427 2310 
6452 2311 
6466 2312 
6470 2313 S
6473 2314 S
6516 2315 
6520 2316 
6534 2317 
6545 2318 
6599 2319 S
6614 2320 S
6628 2321 
6639 2322 
6640 2323 
6641 2324 
6642 2325 
6648 2326 S
6671 2327 
6675 2328 
6679 2329 
6680 2330 S
6681 2331 
6682 2332 
6686 2333 
6687 2334 
6690 2335 
6807 2336 S
6814 2337 
6815 2338 
6877 2339 
6878 2340 S
6879 2341 S
6907 2342 S
6976 2343 S
7024 2344 
7052 2345 S
7068 2346 S
7077 2347 S
7081 2348 S
7092 2349 S
7122 2350 S
7195 2351 S
7200 2352 S
7201 2353 S
7202 2354 
7203 2355 S
7204 2356 
