FarUidValidity 1
NearUidValidity 1757765429
MaxPulledUid 812
MaxPushedUid 81

2 1 S
3 2 
4 3 
5 4 
6 5 
9 6 
10 7 S
11 8 S
12 9 S
13 10 S
14 11 S
15 12 S
16 13 S
17 14 S
92 15 
94 16 
101 17 
110 18 
111 19 
172 20 
175 21 
179 22 
185 23 
186 24 
192 25 
194 26 
195 27 
196 28 
197 29 
200 30 
201 31 
204 32 
209 33 
234 34 
237 35 
238 36 
239 37 
243 38 
244 39 
252 40 
263 41 
264 42 
272 43 
282 44 
287 45 
293 46 
296 47 
315 48 
342 49 
348 50 
362 51 
370 52 
377 53 
399 54 
404 55 
417 56 
418 57 
420 58 
427 59 S
443 60 
444 61 
450 62 
452 63 
457 64 
459 65 
461 66 
462 67 
466 68 
468 69 
472 70 
475 71 
477 72 
478 73 
480 74 
489 75 
492 76 
774 77 
809 78 
810 79 S
811 80 
812 81 
