FarUidValidity 12
NearUidValidity 1757765432
MaxPulledUid 858
MaxPushedUid 82

2 1 S
4 2 
5 3 
7 4 
9 5 
11 6 
12 7 S
14 8 S
15 9 S
16 10 S
17 11 S
18 12 S
19 13 S
20 14 S
54 15 S
113 16 
115 17 
122 18 
131 19 
132 20 
193 21 
198 22 
207 23 
216 24 
217 25 
223 26 
225 27 
227 28 
228 29 
229 30 
233 31 
234 32 
237 33 
242 34 
267 35 
270 36 
271 37 
272 38 
276 39 
277 40 
285 41 
296 42 
297 43 
305 44 
315 45 
320 46 
326 47 
331 48 
350 49 
377 50 
383 51 
397 52 
405 53 
413 54 
435 55 
440 56 
454 57 
455 58 
458 59 
465 60 S
482 61 
483 62 
489 63 
491 64 
496 65 
498 66 
500 67 
501 68 
505 69 
507 70 
511 71 
514 72 
516 73 
517 74 
519 75 
528 76 
531 77 
820 78 
855 79 
856 80 S
857 81 
858 82 
