FarUidValidity 1
NearUidValidity 1757763941
MaxPulledUid 5964
MaxPushedUid 2265

1 1 S
2 2 S
3 3 S
4 4 
5 5 
6 6 
7 7 S
8 8 
9 9 
10 10 S
13 11 
17 12 
18 13 S
19 14 S
20 15 
21 16 S
22 17 
23 18 
24 19 
25 20 
26 21 
27 22 
28 23 
29 24 
30 25 
31 26 
32 27 
33 28 
34 29 
35 30 
36 31 
37 32 
38 33 
39 34 
40 35 
41 36 
42 37 
43 38 
44 39 
45 40 
46 41 
47 42 
48 43 
49 44 
50 45 
51 46 
52 47 
53 48 
54 49 
55 50 
56 51 
57 52 
58 53 
59 54 
60 55 
61 56 
62 57 
63 58 
64 59 
65 60 
66 61 
67 62 
68 63 
69 64 
70 65 
71 66 
72 67 
73 68 
74 69 
75 70 
76 71 
77 72 
78 73 
79 74 
80 75 
81 76 
82 77 
83 78 
84 79 
85 80 
86 81 
87 82 
88 83 
89 84 
98 85 
100 86 
101 87 
102 88 
103 89 
106 90 
107 91 
108 92 
109 93 
111 94 
112 95 
113 96 
114 97 
116 98 
117 99 
118 100 
119 101 
120 102 
121 103 
122 104 
124 105 
125 106 
126 107 
127 108 
128 109 
129 110 
130 111 
131 112 
132 113 
133 114 
134 115 
135 116 
136 117 
138 118 
139 119 
140 120 
141 121 
142 122 
143 123 
144 124 
145 125 
146 126 
147 127 
148 128 
149 129 
151 130 
152 131 
153 132 S
154 133 S
156 134 
157 135 
158 136 
159 137 
161 138 S
162 139 
163 140 
164 141 
165 142 
166 143 
167 144 S
168 145 
169 146 
170 147 
172 148 
173 149 
175 150 
176 151 
177 152 
178 153 
179 154 
180 155 
181 156 
182 157 
183 158 
184 159 
185 160 
186 161 
187 162 
188 163 
189 164 
190 165 
191 166 
192 167 
193 168 
194 169 
195 170 
196 171 
198 172 
199 173 
200 174 
201 175 
202 176 
203 177 
205 178 
206 179 
207 180 
208 181 
209 182 
210 183 
211 184 
212 185 
213 186 
214 187 
215 188 
216 189 
217 190 
218 191 
219 192 
220 193 
221 194 
222 195 
223 196 
224 197 
225 198 
226 199 
227 200 
228 201 
229 202 
230 203 
231 204 
232 205 
233 206 
234 207 
235 208 
236 209 
237 210 
238 211 
239 212 
240 213 
241 214 
242 215 
243 216 
244 217 
245 218 
246 219 
247 220 
248 221 
249 222 
250 223 
251 224 
252 225 
253 226 
254 227 
255 228 
256 229 
257 230 
258 231 
259 232 
260 233 
261 234 
262 235 
263 236 
264 237 
265 238 
266 239 
267 240 
268 241 
269 242 
270 243 
271 244 
272 245 
273 246 
274 247 
275 248 
276 249 
277 250 
278 251 
279 252 
280 253 
281 254 
282 255 
283 256 
284 257 
285 258 
286 259 
287 260 
288 261 
289 262 
290 263 
291 264 
292 265 
293 266 
294 267 
295 268 
296 269 
297 270 
298 271 
299 272 
300 273 
301 274 
302 275 
303 276 
304 277 
305 278 
306 279 
307 280 
308 281 
309 282 
310 283 
311 284 
312 285 
313 286 
314 287 
315 288 
316 289 
317 290 
318 291 
319 292 
320 293 
321 294 
322 295 
323 296 
324 297 
325 298 
326 299 
327 300 
328 301 
329 302 
330 303 
331 304 
332 305 
333 306 
334 307 
335 308 
336 309 
337 310 
338 311 
339 312 
340 313 
341 314 
342 315 
343 316 
344 317 
345 318 
346 319 
347 320 
348 321 
349 322 
350 323 
351 324 
352 325 
353 326 
354 327 
355 328 
356 329 
357 330 
358 331 
359 332 
360 333 
361 334 
362 335 
363 336 
364 337 
365 338 
366 339 
367 340 
368 341 
369 342 
370 343 S
372 344 S
373 345 
374 346 
375 347 
376 348 
377 349 
378 350 
379 351 
380 352 
381 353 
382 354 
383 355 
384 356 
385 357 
386 358 
387 359 
388 360 
389 361 
390 362 
391 363 
392 364 
393 365 
394 366 
395 367 
396 368 
397 369 
398 370 
399 371 
400 372 
401 373 
402 374 
403 375 
404 376 
405 377 
406 378 
407 379 
408 380 
409 381 
410 382 
411 383 
412 384 
413 385 
414 386 
415 387 
416 388 
417 389 
418 390 
419 391 
420 392 
421 393 
422 394 
423 395 
425 396 
427 397 
430 398 
431 399 
433 400 
434 401 
435 402 
436 403 
437 404 
438 405 
439 406 
440 407 
441 408 
442 409 
443 410 
445 411 
446 412 
447 413 
448 414 
449 415 S
450 416 
451 417 
452 418 
453 419 
454 420 
455 421 
456 422 
457 423 
458 424 
459 425 
460 426 
461 427 
462 428 
463 429 
464 430 
465 431 
466 432 
467 433 
468 434 
469 435 
470 436 
471 437 
472 438 
473 439 
474 440 
475 441 
476 442 
478 443 
479 444 
480 445 
481 446 
482 447 
483 448 
484 449 
485 450 
486 451 
487 452 
488 453 
490 454 
491 455 
492 456 
493 457 
494 458 
496 459 
497 460 
498 461 
499 462 
500 463 
501 464 S
502 465 
503 466 
505 467 
506 468 
507 469 
508 470 
509 471 
510 472 
511 473 
512 474 
513 475 S
514 476 
515 477 
516 478 
517 479 
518 480 
519 481 
520 482 
521 483 
522 484 
523 485 
524 486 
525 487 
526 488 
528 489 
529 490 
530 491 
532 492 
534 493 
535 494 
536 495 
537 496 
541 497 
542 498 
543 499 
545 500 
546 501 
547 502 
548 503 
549 504 
550 505 
551 506 
552 507 
553 508 
554 509 S
555 510 
556 511 
557 512 
558 513 
559 514 
560 515 
561 516 
562 517 
563 518 
564 519 
565 520 
566 521 
567 522 
568 523 
569 524 
572 525 
573 526 
574 527 
576 528 
578 529 
579 530 
581 531 
583 532 
585 533 
587 534 
589 535 
591 536 
593 537 
594 538 
595 539 
597 540 
598 541 
599 542 
600 543 
601 544 
603 545 
604 546 
606 547 
608 548 
610 549 
611 550 
612 551 
613 552 
614 553 
615 554 
616 555 
617 556 
618 557 
619 558 
620 559 
622 560 
623 561 
624 562 
625 563 
626 564 
627 565 
628 566 
629 567 
630 568 
631 569 
633 570 
634 571 
636 572 
637 573 
638 574 
639 575 
640 576 
642 577 
643 578 
644 579 
645 580 
646 581 
647 582 
648 583 
649 584 
654 585 
655 586 
657 587 
658 588 
659 589 
660 590 
661 591 
663 592 
665 593 
667 594 
670 595 
671 596 
673 597 
676 598 
677 599 
678 600 
679 601 S
680 602 
681 603 
682 604 
683 605 
685 606 
686 607 
687 608 
688 609 
689 610 
690 611 
691 612 
692 613 
694 614 
695 615 
697 616 
698 617 
699 618 
700 619 
701 620 
702 621 
703 622 
704 623 
705 624 
707 625 
708 626 
709 627 
710 628 
711 629 
712 630 
713 631 
714 632 
716 633 
717 634 
719 635 
720 636 
721 637 
722 638 
723 639 
724 640 
725 641 
726 642 
728 643 
729 644 
730 645 
731 646 
732 647 
733 648 
734 649 
735 650 
736 651 
737 652 
738 653 
739 654 
740 655 
742 656 
743 657 
744 658 
745 659 
746 660 
747 661 
748 662 
749 663 
750 664 
751 665 
752 666 
753 667 
754 668 
755 669 
756 670 
757 671 
758 672 
759 673 
760 674 
761 675 
762 676 
764 677 
765 678 
766 679 
773 680 
775 681 
778 682 
780 683 
781 684 
782 685 
784 686 
786 687 
787 688 
788 689 
789 690 
790 691 
795 692 
797 693 
798 694 
800 695 
801 696 
802 697 
803 698 
804 699 
809 700 
810 701 
811 702 
812 703 
813 704 
814 705 
815 706 
816 707 
817 708 
818 709 
819 710 
820 711 
821 712 
822 713 
823 714 
824 715 
825 716 
826 717 
827 718 
828 719 
829 720 
830 721 
831 722 
832 723 
833 724 
834 725 
835 726 
837 727 
841 728 
842 729 
843 730 
844 731 
845 732 
846 733 
847 734 
848 735 
849 736 
850 737 
851 738 
852 739 S
853 740 
854 741 
855 742 
856 743 
857 744 
858 745 
859 746 
860 747 
861 748 
862 749 
864 750 
865 751 
866 752 
867 753 
868 754 
869 755 
871 756 
873 757 
875 758 
877 759 
879 760 
881 761 
882 762 
883 763 
884 764 
886 765 
887 766 
888 767 
889 768 
890 769 
891 770 
892 771 
893 772 
894 773 
895 774 
897 775 
899 776 
900 777 
901 778 
902 779 
903 780 
904 781 
905 782 
906 783 
908 784 
909 785 
910 786 
911 787 
912 788 
913 789 
915 790 
916 791 
917 792 
918 793 
919 794 
920 795 
921 796 
922 797 
923 798 
924 799 
925 800 
926 801 
927 802 
928 803 
929 804 
931 805 
934 806 
935 807 
936 808 
937 809 
938 810 
939 811 
941 812 
942 813 
943 814 
944 815 
945 816 
946 817 
948 818 
949 819 
950 820 
951 821 
952 822 
953 823 
954 824 
955 825 
956 826 
957 827 
959 828 
960 829 
961 830 
962 831 
963 832 
966 833 
967 834 
968 835 
969 836 
970 837 
971 838 
972 839 
974 840 
975 841 
976 842 
977 843 
978 844 
979 845 
980 846 
981 847 
982 848 
984 849 
985 850 
986 851 
987 852 
988 853 
990 854 
992 855 
993 856 
994 857 
997 858 
998 859 
1002 860 
1003 861 
1004 862 
1005 863 
1006 864 
1007 865 
1008 866 
1009 867 
1010 868 
1011 869 S
1012 870 S
1013 871 
1014 872 
1015 873 
1016 874 
1017 875 
1018 876 
1019 877 S
1023 878 
1032 879 
1033 880 
1036 881 
1037 882 
1038 883 
1040 884 
1042 885 
1043 886 
1044 887 
1045 888 
1046 889 
1047 890 
1048 891 
1049 892 
1050 893 
1051 894 
1052 895 
1054 896 
1055 897 
1056 898 S
1058 899 S
1059 900 S
1060 901 
1062 902 
1063 903 
1064 904 
1067 905 
1069 906 
1070 907 
1071 908 
1072 909 
1073 910 
1074 911 
1076 912 
1084 913 S
1088 914 
1099 915 
1101 916 
1102 917 
1103 918 
1104 919 
1105 920 
1106 921 
1107 922 
1108 923 
1110 924 
1111 925 
1112 926 
1113 927 
1114 928 
1116 929 
1118 930 
1119 931 
1120 932 
1121 933 
1122 934 S
1123 935 S
1124 936 S
1125 937 
1126 938 
1127 939 
1129 940 
1130 941 S
1131 942 
1132 943 
1133 944 
1134 945 
1135 946 
1136 947 
1137 948 
1138 949 
1139 950 
1140 951 
1141 952 S
1142 953 
1143 954 
1144 955 
1145 956 
1146 957 
1147 958 
1148 959 
1151 960 
1152 961 
1153 962 
1154 963 
1155 964 
1156 965 
1159 966 
1161 967 
1162 968 
1163 969 
1165 970 
1166 971 
1167 972 
1168 973 
1169 974 
1172 975 
1173 976 
1174 977 
1176 978 
1179 979 
1181 980 
1184 981 
1186 982 
1187 983 
1188 984 
1191 985 
1192 986 
1194 987 
1196 988 
1197 989 
1198 990 
1202 991 S
1203 992 
1204 993 
1208 994 
1209 995 
1210 996 
1211 997 
1212 998 
1213 999 
1214 1000 
1215 1001 
1216 1002 
1219 1003 S
1221 1004 
1222 1005 
1223 1006 
1224 1007 
1225 1008 
1226 1009 
1227 1010 
1228 1011 
1229 1012 
1230 1013 
1231 1014 
1232 1015 
1233 1016 
1236 1017 
1243 1018 
1244 1019 S
1245 1020 
1248 1021 
1249 1022 
1251 1023 
1254 1024 
1255 1025 
1256 1026 
1257 1027 
1258 1028 
1259 1029 
1260 1030 
1261 1031 
1262 1032 S
1264 1033 
1265 1034 
1266 1035 
1267 1036 
1269 1037 
1270 1038 
1271 1039 
1272 1040 
1274 1041 
1275 1042 
1277 1043 
1278 1044 
1280 1045 
1281 1046 
1282 1047 
1284 1048 
1285 1049 
1288 1050 
1289 1051 
1290 1052 
1291 1053 
1292 1054 
1293 1055 
1294 1056 
1295 1057 
1296 1058 
1297 1059 
1299 1060 
1300 1061 
1301 1062 
1302 1063 
1304 1064 
1305 1065 
1306 1066 
1307 1067 
1308 1068 
1310 1069 
1311 1070 
1312 1071 
1313 1072 
1314 1073 S
1315 1074 
1316 1075 
1317 1076 
1323 1077 
1324 1078 
1326 1079 
1328 1080 
1330 1081 
1333 1082 
1334 1083 
1335 1084 
1336 1085 
1339 1086 
1340 1087 
1342 1088 
1344 1089 S
1349 1090 
1350 1091 
1351 1092 
1352 1093 
1353 1094 
1358 1095 
1361 1096 
1364 1097 
1365 1098 
1372 1099 
1374 1100 
1385 1101 
1390 1102 
1393 1103 
1395 1104 
1398 1105 
1399 1106 
1400 1107 
1404 1108 
1405 1109 
1406 1110 
1410 1111 
1412 1112 
1414 1113 
1417 1114 
1420 1115 
1421 1116 
1422 1117 
1423 1118 
1427 1119 
1429 1120 
1431 1121 
1433 1122 
1436 1123 
1437 1124 
1438 1125 
1439 1126 
1440 1127 
1441 1128 
1443 1129 
1444 1130 
1445 1131 
1448 1132 
1449 1133 
1450 1134 
1452 1135 
1453 1136 
1455 1137 
1456 1138 
1457 1139 S
1461 1140 
1462 1141 
1465 1142 
1466 1143 
1467 1144 
1468 1145 
1469 1146 
1470 1147 
1471 1148 
1472 1149 
1473 1150 
1474 1151 
1475 1152 
1477 1153 
1478 1154 
1481 1155 
1482 1156 
1483 1157 
1484 1158 
1485 1159 
1486 1160 
1487 1161 
1492 1162 
1493 1163 
1496 1164 
1501 1165 
1502 1166 
1503 1167 
1506 1168 
1507 1169 
1509 1170 
1510 1171 
1511 1172 
1512 1173 
1513 1174 
1516 1175 
1517 1176 
1518 1177 
1519 1178 
1520 1179 
1522 1180 
1523 1181 
1525 1182 
1526 1183 
1528 1184 
1529 1185 
1530 1186 
1532 1187 
1533 1188 
1535 1189 
1537 1190 
1538 1191 
1539 1192 
1540 1193 
1541 1194 
1542 1195 
1544 1196 
1547 1197 
1548 1198 
1550 1199 
1551 1200 
1552 1201 
1553 1202 
1554 1203 
1558 1204 
1559 1205 
1561 1206 
1563 1207 
1564 1208 
1565 1209 
1567 1210 
1569 1211 
1571 1212 
1572 1213 
1573 1214 
1574 1215 
1578 1216 
1580 1217 
1581 1218 
1582 1219 
1584 1220 
1588 1221 
1589 1222 
1590 1223 
1591 1224 
1592 1225 
1593 1226 
1595 1227 
1596 1228 
1597 1229 
1598 1230 
1600 1231 
1601 1232 
1602 1233 
1603 1234 
1605 1235 
1607 1236 
1608 1237 
1609 1238 
1610 1239 
1611 1240 
1612 1241 
1613 1242 
1615 1243 
1616 1244 
1617 1245 
1618 1246 
1620 1247 
1621 1248 
1622 1249 
1623 1250 
1624 1251 
1625 1252 S
1626 1253 
1627 1254 
1629 1255 
1631 1256 
1637 1257 
1638 1258 S
1640 1259 
1641 1260 
1643 1261 
1645 1262 
1647 1263 
1648 1264 
1652 1265 
1655 1266 
1661 1267 
1662 1268 
1663 1269 
1664 1270 
1668 1271 
1669 1272 
1671 1273 
1672 1274 
1673 1275 
1677 1276 
1678 1277 
1679 1278 
1683 1279 
1684 1280 
1685 1281 
1686 1282 
1687 1283 
1688 1284 
1689 1285 
1691 1286 
1692 1287 
1693 1288 
1694 1289 
1698 1290 
1702 1291 
1703 1292 
1706 1293 
1707 1294 
1708 1295 
1709 1296 
1710 1297 
1711 1298 
1712 1299 
1713 1300 
1714 1301 
1715 1302 
1716 1303 
1721 1304 
1722 1305 
1723 1306 
1724 1307 
1725 1308 
1727 1309 
1728 1310 
1732 1311 
1735 1312 
1736 1313 
1737 1314 
1738 1315 
1739 1316 
1742 1317 
1743 1318 
1744 1319 
1745 1320 
1748 1321 
1753 1322 
1754 1323 
1755 1324 
1757 1325 
1762 1326 
1763 1327 
1764 1328 
1765 1329 
1767 1330 
1768 1331 
1769 1332 
1770 1333 
1771 1334 
1773 1335 
1775 1336 
1776 1337 
1777 1338 
1780 1339 
1786 1340 
1787 1341 
1789 1342 
1790 1343 
1792 1344 
1794 1345 
1795 1346 
1796 1347 
1797 1348 
1798 1349 
1802 1350 
1805 1351 
1806 1352 
1810 1353 
1811 1354 
1812 1355 
1814 1356 
1815 1357 
1816 1358 
1817 1359 
1818 1360 
1819 1361 
1820 1362 
1821 1363 
1824 1364 
1825 1365 
1826 1366 
1827 1367 
1828 1368 
1829 1369 
1832 1370 
1833 1371 
1834 1372 
1835 1373 
1840 1374 
1842 1375 
1843 1376 
1844 1377 
1848 1378 
1850 1379 
1851 1380 
1852 1381 
1853 1382 
1854 1383 
1855 1384 
1856 1385 
1858 1386 
1859 1387 
1860 1388 
1861 1389 
1862 1390 
1864 1391 
1865 1392 
1866 1393 
1867 1394 
1868 1395 
1869 1396 
1870 1397 
1872 1398 
1873 1399 
1875 1400 
1876 1401 
1877 1402 
1878 1403 
1879 1404 
1881 1405 
1884 1406 
1886 1407 
1887 1408 
1889 1409 
1890 1410 
1891 1411 
1892 1412 
1893 1413 
1895 1414 
1896 1415 
1897 1416 
1898 1417 
1899 1418 
1901 1419 
1902 1420 
1903 1421 
1904 1422 
1907 1423 
1908 1424 
1914 1425 
1915 1426 
1917 1427 
1919 1428 
1920 1429 
1923 1430 
1925 1431 
1928 1432 
1930 1433 
1931 1434 
1943 1435 
1950 1436 
1953 1437 
1957 1438 
1958 1439 
1959 1440 
1960 1441 
1961 1442 
1962 1443 
1963 1444 
1964 1445 
1965 1446 
1970 1447 
1973 1448 
1976 1449 
1977 1450 
1978 1451 
1980 1452 
1981 1453 
1982 1454 
1983 1455 
1991 1456 
1992 1457 
1993 1458 
1994 1459 
1996 1460 
1997 1461 
1998 1462 
2000 1463 
2002 1464 
2007 1465 
2008 1466 
2009 1467 
2010 1468 
2011 1469 
2012 1470 
2014 1471 
2016 1472 
2018 1473 
2019 1474 
2020 1475 
2021 1476 
2022 1477 
2023 1478 
2024 1479 
2025 1480 
2026 1481 
2029 1482 
2035 1483 
2037 1484 
2045 1485 
2046 1486 
2048 1487 
2050 1488 
2057 1489 
2058 1490 
2060 1491 
2062 1492 
2064 1493 
2069 1494 
2071 1495 
2072 1496 
2074 1497 
2076 1498 
2078 1499 
2080 1500 
2082 1501 
2087 1502 
2089 1503 
2090 1504 
2093 1505 
2095 1506 
2102 1507 
2103 1508 
2105 1509 
2106 1510 
2110 1511 
2112 1512 
2113 1513 
2117 1514 
2118 1515 
2120 1516 
2122 1517 
2123 1518 
2124 1519 
2125 1520 
2127 1521 
2128 1522 
2140 1523 S
2141 1524 
2143 1525 
2145 1526 
2146 1527 
2147 1528 
2150 1529 
2201 1530 
2220 1531 S
2223 1532 S
2224 1533 S
2225 1534 S
2236 1535 S
2247 1536 
2248 1537 
2257 1538 
2258 1539 S
2259 1540 S
2260 1541 
2261 1542 
2262 1543 
2263 1544 S
2268 1545 S
2269 1546 S
2270 1547 S
2271 1548 S
2272 1549 S
2273 1550 
2278 1551 S
2279 1552 
2280 1553 S
2281 1554 S
2283 1555 S
2284 1556 
2285 1557 
2286 1558 
2287 1559 
2289 1560 
2290 1561 
2291 1562 
2292 1563 
2293 1564 
2295 1565 
2296 1566 
2297 1567 
2298 1568 
2299 1569 S
2300 1570 S
2302 1571 
2303 1572 
2305 1573 S
2311 1574 
2312 1575 
2313 1576 
2314 1577 
2315 1578 
2316 1579 
2320 1580 
2322 1581 
2323 1582 
2324 1583 
2325 1584 
2326 1585 
2327 1586 
2328 1587 
2329 1588 S
2330 1589 S
2338 1590 S
2339 1591 S
2340 1592 S
2342 1593 S
2343 1594 S
2344 1595 S
2345 1596 S
2346 1597 S
2347 1598 S
2348 1599 S
2349 1600 S
2350 1601 S
2351 1602 S
2352 1603 
2353 1604 S
2354 1605 S
2356 1606 S
2357 1607 S
2364 1608 S
2368 1609 S
2372 1610 S
2373 1611 S
2374 1612 S
2375 1613 S
2376 1614 S
2377 1615 S
2378 1616 S
2379 1617 S
2383 1618 S
2384 1619 S
2387 1620 S
2388 1621 S
2390 1622 S
2391 1623 S
2392 1624 S
2393 1625 S
2396 1626 S
2397 1627 S
2398 1628 S
2399 1629 S
2400 1630 S
2401 1631 S
2402 1632 S
2403 1633 S
2405 1634 S
2406 1635 S
2407 1636 S
2409 1637 S
2410 1638 S
2411 1639 S
2412 1640 S
2413 1641 S
2416 1642 S
2417 1643 S
2419 1644 S
2420 1645 
2421 1646 S
2422 1647 S
2423 1648 
2425 1649 
2426 1650 
2427 1651 
2431 1652 
2434 1653 
2435 1654 S
2436 1655 S
2437 1656 
2438 1657 
2439 1658 S
2440 1659 
2441 1660 
2442 1661 
2443 1662 
2444 1663 S
2445 1664 
2446 1665 
2447 1666 S
2448 1667 S
2450 1668 
2451 1669 
2452 1670 
2453 1671 
2454 1672 S
2455 1673 
2456 1674 S
2458 1675 S
2459 1676 
2463 1677 
2464 1678 
2465 1679 
2466 1680 
2467 1681 
2468 1682 
2469 1683 
2471 1684 
2472 1685 
2473 1686 
2477 1687 
2478 1688 
2479 1689 
2482 1690 
2483 1691 
2484 1692 
2485 1693 
2487 1694 
2489 1695 
2490 1696 
2491 1697 
2493 1698 
2494 1699 
2496 1700 
2497 1701 
2498 1702 
2500 1703 
2501 1704 
2502 1705 
2503 1706 
2504 1707 
2505 1708 
2506 1709 
2508 1710 
2509 1711 
2512 1712 
2513 1713 
2514 1714 
2515 1715 
2516 1716 
2517 1717 
2518 1718 
2519 1719 
2520 1720 
2521 1721 
2522 1722 
2524 1723 
2525 1724 
2526 1725 
2527 1726 
2529 1727 
2532 1728 
2533 1729 
2534 1730 
2535 1731 
2536 1732 
2537 1733 
2539 1734 
2540 1735 
2541 1736 S
2545 1737 
2546 1738 
2547 1739 
2548 1740 
2549 1741 
2550 1742 
2551 1743 
2552 1744 
2553 1745 
2556 1746 
2559 1747 
2560 1748 
2561 1749 
2562 1750 
2563 1751 
2564 1752 
2566 1753 
2567 1754 
2568 1755 
2570 1756 
2571 1757 S
2573 1758 S
2576 1759 
2577 1760 
2578 1761 
2579 1762 
2581 1763 
2583 1764 
2586 1765 
2587 1766 
2588 1767 
2589 1768 
2590 1769 
2592 1770 S
2593 1771 
2594 1772 
2595 1773 
2597 1774 
2600 1775 
2602 1776 
2603 1777 
2604 1778 
2605 1779 
2606 1780 
2607 1781 
2608 1782 
2609 1783 
2610 1784 
2614 1785 
2615 1786 
2616 1787 
2619 1788 S
2625 1789 
2628 1790 
2629 1791 
2630 1792 
2634 1793 
2643 1794 S
2644 1795 S
2646 1796 
2647 1797 
2648 1798 
2649 1799 
2651 1800 
2654 1801 FS
2655 1802 S
2658 1803 
2659 1804 
2660 1805 
2661 1806 
2662 1807 
2663 1808 
2665 1809 S
2666 1810 
2667 1811 
2668 1812 
2671 1813 
2672 1814 
2675 1815 
2678 1816 
2681 1817 
2682 1818 
2685 1819 
2687 1820 FS
2689 1821 
2690 1822 
2692 1823 
2693 1824 
2694 1825 
2695 1826 
2696 1827 
2697 1828 
2698 1829 
2701 1830 
2703 1831 
2704 1832 
2705 1833 
2707 1834 
2708 1835 
2714 1836 
2715 1837 
2732 1838 
2740 1839 
2742 1840 
2753 1841 
2755 1842 
2769 1843 S
2772 1844 
2776 1845 
2798 1846 
2801 1847 
2862 1848 
2915 1849 
2999 1850 
3073 1851 
3075 1852 
3090 1853 
3108 1854 
3125 1855 S
3126 1856 S
3127 1857 S
3132 1858 S
3143 1859 
3162 1860 S
3163 1861 S
3165 1862 
3175 1863 
3176 1864 
3178 1865 
3180 1866 
3186 1867 
3188 1868 
3206 1869 
3208 1870 
3211 1871 S
3218 1872 S
3220 1873 S
3222 1874 
3223 1875 S
3225 1876 S
3226 1877 S
3233 1878 
3241 1879 
3250 1880 S
3251 1881 
3253 1882 S
3262 1883 S
3264 1884 
3268 1885 S
3286 1886 
3298 1887 S
3299 1888 S
3308 1889 
3310 1890 S
3311 1891 
3314 1892 S
3319 1893 
3325 1894 S
3334 1895 S
3358 1896 S
3359 1897 
3362 1898 
3366 1899 
3367 1900 S
3371 1901 S
3373 1902 S
3384 1903 
3388 1904 FS
3391 1905 
3394 1906 S
3399 1907 
3402 1908 
3404 1909 
3412 1910 S
3414 1911 S
3418 1912 
3422 1913 
3427 1914 
3434 1915 S
3439 1916 S
3443 1917 
3445 1918 
3459 1919 
3462 1920 S
3470 1921 
3471 1922 
3490 1923 
3491 1924 
3497 1925 
3500 1926 
3539 1927 
3544 1928 
3549 1929 
3553 1930 
3564 1931 
3570 1932 
3579 1933 
3583 1934 
3587 1935 
3592 1936 S
3604 1937 
3611 1938 S
3620 1939 
3624 1940 
3642 1941 
3644 1942 
3650 1943 
3652 1944 
3668 1945 
3674 1946 
3681 1947 
3692 1948 S
3696 1949 
3697 1950 
3707 1951 
3712 1952 
3717 1953 
3758 1954 
3763 1955 S
3780 1956 S
3788 1957 
3795 1958 
3796 1959 
3805 1960 S
3808 1961 
3811 1962 S
3830 1963 
3831 1964 S
3832 1965 
3835 1966 
3847 1967 
3861 1968 S
3862 1969 S
3863 1970 S
3864 1971 S
3865 1972 
3879 1973 
3888 1974 
3890 1975 S
3891 1976 S
3895 1977 
3904 1978 
3906 1979 
3908 1980 
3910 1981 S
3913 1982 S
3919 1983 
3920 1984 S
3933 1985 
3948 1986 
3958 1987 
3978 1988 S
3979 1989 S
3980 1990 S
3981 1991 S
3982 1992 S
3983 1993 S
3984 1994 S
3987 1995 S
3988 1996 S
3989 1997 S
3990 1998 
3997 1999 S
3999 2000 
4009 2001 
4014 2002 S
4015 2003 S
4019 2004 S
4020 2005 
4026 2006 
4027 2007 S
4028 2008 
4030 2009 
4033 2010 S
4038 2011 
4040 2012 S
4050 2013 S
4051 2014 
4052 2015 S
4056 2016 S
4057 2017 S
4061 2018 S
4065 2019 S
4066 2020 S
4069 2021 S
4070 2022 S
4080 2023 
4081 2024 S
4084 2025 S
4087 2026 
4093 2027 S
4097 2028 S
4101 2029 S
4102 2030 S
4103 2031 S
4104 2032 S
4108 2033 S
4115 2034 
4117 2035 
4118 2036 
4119 2037 
4120 2038 
4121 2039 
4122 2040 
4123 2041 
4125 2042 
4126 2043 
4130 2044 
4131 2045 
4135 2046 S
4138 2047 
4141 2048 S
4143 2049 
4145 2050 
4146 2051 
4147 2052 
4150 2053 
4151 2054 S
4153 2055 S
4155 2056 
4156 2057 S
4157 2058 S
4158 2059 
4169 2060 S
4170 2061 S
4171 2062 S
4173 2063 
4174 2064 S
4182 2065 S
4188 2066 S
4190 2067 S
4201 2068 
4215 2069 S
4216 2070 S
4217 2071 S
4221 2072 FS
4223 2073 S
4228 2074 
4237 2075 
4241 2076 
4252 2077 
4257 2078 S
4258 2079 S
4263 2080 S
4267 2081 S
4273 2082 S
4280 2083 RS
4281 2084 
4286 2085 
4294 2086 
4308 2087 
4310 2088 
4318 2089 
4342 2090 
4357 2091 
4361 2092 
4369 2093 
4370 2094 
4376 2095 S
4377 2096 
4378 2097 
4400 2098 
4412 2099 
4425 2100 
4432 2101 
4441 2102 
4443 2103 S
4444 2104 
4448 2105 
4456 2106 
4459 2107 
4460 2108 
4466 2109 
4467 2110 
4474 2111 
4490 2112 S
4496 2113 
4503 2114 FS
4509 2115 S
4514 2116 FS
4515 2117 S
4538 2118 FS
4554 2119 
4558 2120 
4559 2121 S
4563 2122 
4571 2123 
4573 2124 S
4586 2125 S
4608 2126 S
4610 2127 S
4611 2128 S
4612 2129 S
4613 2130 
4616 2131 
4638 2132 S
4642 2133 S
4654 2134 
4668 2135 
4673 2136 
4684 2137 
4695 2138 
4699 2139 
4700 2140 
4703 2141 S
4704 2142 S
4711 2143 
4748 2144 
4754 2145 
4774 2146 S
4775 2147 S
4776 2148 S
4782 2149 
4786 2150 
4791 2151 
4801 2152 
4804 2153 
4827 2154 S
4830 2155 
4898 2156 S
4916 2157 RS
4923 2158 RS
4927 2159 S
4928 2160 RS
4929 2161 S
4930 2162 RS
4945 2163 S
4947 2164 
4964 2165 
4977 2166 
4995 2167 
4996 2168 
5016 2169 
5085 2170 
5086 2171 
5088 2172 
5089 2173 
5098 2174 
5099 2175 
5107 2176 
5108 2177 
5112 2178 
5120 2179 
5128 2180 
5129 2181 
5130 2182 S
5134 2183 S
5139 2184 
5146 2185 S
5156 2186 
5174 2187 S
5181 2188 
5201 2189 S
5202 2190 S
5203 2191 S
5206 2192 S
5212 2193 
5227 2194 S
5232 2195 
5234 2196 S
5235 2197 S
5236 2198 S
5237 2199 S
5240 2200 
5267 2201 
5277 2202 
5278 2203 
5279 2204 
5280 2205 
5281 2206 
5282 2207 
5290 2208 S
5300 2209 S
5342 2210 
5353 2211 
5360 2212 S
5373 2213 S
5378 2214 
5379 2215 S
5384 2216 S
5390 2217 
5400 2218 S
5406 2219 
5417 2220 
5429 2221 
5439 2222 S
5457 2223 S
5464 2224 
5479 2225 
5489 2226 
5492 2227 S
5493 2228 S
5529 2229 
5533 2230 
5547 2231 
5557 2232 
5606 2233 S
5620 2234 S
5631 2235 
5642 2236 
5643 2237 
5644 2238 
5645 2239 
5650 2240 S
5671 2241 
5674 2242 
5678 2243 
5679 2244 S
5680 2245 
5681 2246 
5684 2247 
5685 2248 
5688 2249 
5769 2250 S
5774 2251 
5775 2252 
5804 2253 
5805 2254 S
5806 2255 S
5823 2256 S
5849 2257 S
5875 2258 
5891 2259 S
5898 2260 S
5904 2261 S
5906 2262 S
5912 2263 S
5930 2264 S
5964 2265 S
