FarUidValidity 2
NearUidValidity 1757765179
MaxPulledUid 17028
MaxPushedUid 431

2 1 S
21 2 S
172 3 
433 4 
659 5 S
1164 6 FS
1255 7 S
1256 8 RS
1257 9 RS
1258 10 S
1259 11 RS
1262 12 S
1396 13 S
1855 14 
1867 15 S
1872 16 S
1876 17 S
1877 18 S
1878 19 S
1879 20 S
1880 21 S
1881 22 S
1882 23 S
1887 24 S
1888 25 S
1889 26 S
1891 27 
1919 28 S
1934 29 S
1943 30 
1946 31 
1952 32 
1955 33 
1959 34 
2001 35 
2032 36 
2033 37 
2044 38 
2056 39 
2066 40 
2086 41 
2094 42 
2095 43 
2119 44 
2124 45 
2135 46 
2216 47 
2217 48 
2220 49 
2221 50 
2246 51 S
2260 52 S
2276 53 S
2283 54 
2304 55 FS
2309 56 FS
2311 57 S
2335 58 
2339 59 S
2340 60 S
2411 61 
2440 62 
2449 63 
2487 64 
2538 65 
2553 66 
2554 67 
2710 68 
2741 69 
2817 70 S
2825 71 S
2837 72 
2847 73 S
2849 74 S
2855 75 
2876 76 
2883 77 
2888 78 S
2893 79 
2896 80 
2900 81 
2932 82 
2935 83 
2962 84 
3046 85 
3241 86 
3392 87 
3479 88 
3954 89 
4025 90 
4854 91 
5548 92 S
6198 93 
6240 94 
6270 95 
6605 96 
6817 97 
7695 98 
7796 99 
7912 100 
8006 101 
8086 102 
8333 103 
8334 104 
8397 105 
8422 106 S
8761 107 
8797 108 S
8836 109 
8901 110 
8977 111 
9224 112 S
9609 113 
10376 114 
10433 115 
10474 116 
10598 117 
10636 118 
10735 119 
10800 120 
10908 121 
11049 122 
11232 123 
11970 124 
11975 125 
11976 126 FS
12061 127 S
12159 128 
12162 129 S
12231 130 S
12366 131 
12474 132 
13630 133 
13804 134 
14417 135 
15014 136 
15319 137 
15613 138 
16140 139 
16142 140 S
16144 141 
16151 142 
16152 143 
16156 144 
16158 145 
16160 146 
16162 147 
16166 148 
16167 149 
16168 150 
16169 151 
16170 152 
16172 153 
16173 154 
16175 155 
16178 156 
16179 157 
16180 158 
16182 159 
16185 160 
16186 161 S
16187 162 S
16188 163 
16189 164 
16191 165 
16193 166 
16196 167 
16197 168 
16198 169 
16199 170 
16200 171 
16201 172 
16202 173 
16203 174 
16204 175 
16209 176 
16211 177 
16216 178 
16217 179 
16219 180 
16222 181 
16223 182 
16224 183 
16226 184 
16227 185 
16229 186 
16230 187 
16233 188 
16235 189 
16236 190 
16238 191 
16240 192 
16243 193 
16244 194 
16248 195 
16250 196 
16252 197 
16255 198 
16260 199 
16261 200 
16262 201 
16263 202 
16264 203 
16267 204 
16270 205 
16271 206 
16273 207 
16276 208 
16277 209 
16279 210 
16282 211 
16284 212 
16285 213 
16286 214 
16291 215 
16293 216 
16296 217 
16298 218 
16301 219 
16305 220 
16307 221 
16311 222 
16312 223 
16314 224 
16317 225 
16318 226 
16320 227 
16322 228 
16324 229 
16329 230 
16331 231 
16332 232 
16333 233 
16334 234 
16336 235 
16337 236 
16338 237 
16340 238 
16341 239 
16342 240 
16347 241 
16348 242 
16350 243 
16353 244 
16355 245 
16357 246 
16358 247 
16360 248 
16361 249 
16362 250 
16366 251 
16368 252 
16369 253 
16370 254 
16376 255 
16378 256 
16380 257 
16382 258 
16387 259 
16392 260 
16394 261 
16397 262 
16398 263 
16402 264 
16408 265 
16417 266 
16424 267 
16426 268 
16432 269 
16436 270 
16437 271 
16439 272 
16445 273 
16448 274 
16452 275 
16459 276 
16464 277 
16465 278 
16469 279 
16472 280 
16481 281 
16489 282 
16494 283 
16495 284 
16498 285 
16502 286 
16507 287 S
16512 288 
16516 289 
16521 290 
16524 291 
16532 292 
16569 293 S
16571 294 
16574 295 
16575 296 
16578 297 
16579 298 
16583 299 
16585 300 
16587 301 
16588 302 
16591 303 
16595 304 
16597 305 
16600 306 
16601 307 
16603 308 
16612 309 
16614 310 
16619 311 
16623 312 
16624 313 
16625 314 
16626 315 
16628 316 
16629 317 
16634 318 
16639 319 
16640 320 
16642 321 
16643 322 
16645 323 
16651 324 
16654 325 
16659 326 
16663 327 
16665 328 
16668 329 
16673 330 
16677 331 
16678 332 
16680 333 
16682 334 
16687 335 
16689 336 
16692 337 
16695 338 
16696 339 
16701 340 
16705 341 
16710 342 
16715 343 
16719 344 
16721 345 
16723 346 
16727 347 
16729 348 
16730 349 
16737 350 
16745 351 
16747 352 
16751 353 
16752 354 
16759 355 
16762 356 
16765 357 
16768 358 
16769 359 
16772 360 
16773 361 
16774 362 
16779 363 
16780 364 
16783 365 
16788 366 
16789 367 
16790 368 
16802 369 
16806 370 
16810 371 
16813 372 
16819 373 
16820 374 
16823 375 
16824 376 
16832 377 
16837 378 
16838 379 
16841 380 
16842 381 
16844 382 
16845 383 
16852 384 
16855 385 
16861 386 
16864 387 
16865 388 
16872 389 
16878 390 
16883 391 
16892 392 
16894 393 
16895 394 
16899 395 
16903 396 
16907 397 
16909 398 
16911 399 
16913 400 
16916 401 
16918 402 
16924 403 
16926 404 
16930 405 S
16932 406 
16937 407 
16938 408 
16942 409 
16946 410 
16954 411 
16961 412 
16963 413 
16968 414 
16988 415 
16995 416 S
17014 417 
17015 418 
17016 419 
17017 420 
17018 421 
17019 422 S
17020 423 
17021 424 
17022 425 
17023 426 
17024 427 
17025 428 
17026 429 
17027 430 
17028 431 S
