FarUidValidity 13
NearUidValidity 1757765300
MaxPulledUid 17417
MaxPushedUid 439

2 1 S
21 2 S
174 3 
440 4 
674 5 S
1214 6 FS
1338 7 S
1339 8 S
1340 9 RS
1342 10 S
1343 11 RS
1345 12 RS
1347 13 S
1348 14 S
1349 15 RS
1350 16 RS
1352 17 S
1356 18 S
1523 19 S
2033 20 
2045 21 S
2050 22 S
2054 23 S
2055 24 S
2056 25 S
2057 26 S
2058 27 S
2059 28 S
2060 29 S
2065 30 S
2066 31 S
2067 32 S
2069 33 
2100 34 S
2116 35 S
2125 36 
2128 37 
2135 38 
2138 39 
2142 40 
2185 41 
2217 42 
2218 43 
2230 44 
2244 45 
2254 46 
2274 47 
2283 48 
2284 49 
2310 50 
2315 51 
2326 52 
2410 53 
2411 54 
2414 55 
2415 56 
2442 57 S
2456 58 S
2464 59 S
2477 60 S
2484 61 
2508 62 FS
2514 63 FS
2516 64 S
2535 65 S
2545 66 
2549 67 S
2550 68 S
2626 69 
2656 70 
2665 71 
2706 72 
2760 73 
2776 74 
2777 75 
2936 76 
2967 77 
3049 78 S
3057 79 S
3070 80 
3080 81 S
3082 82 S
3088 83 
3110 84 
3117 85 
3122 86 S
3127 87 
3131 88 
3135 89 
3168 90 
3171 91 
3200 92 
3284 93 
3479 94 
3630 95 
3717 96 
4198 97 
4270 98 
5102 99 
5799 100 S
6450 101 
6492 102 
6522 103 
6857 104 
7070 105 
7958 106 
8059 107 
8178 108 
8272 109 
8352 110 
8601 111 
8602 112 
8665 113 
8691 114 S
9032 115 
9068 116 S
9107 117 
9172 118 
9250 119 
9498 120 S
9885 121 
10656 122 
10713 123 
10754 124 
10880 125 
10919 126 
11018 127 
11084 128 
11194 129 
11337 130 
11520 131 
12264 132 
12269 133 
12270 134 FS
12358 135 S
12458 136 
12461 137 S
12530 138 S
12665 139 
12773 140 
13938 141 
14113 142 
14730 143 
15335 144 
15643 145 
15940 146 
16475 147 
16477 148 S
16479 149 
16486 150 
16487 151 
16492 152 
16495 153 
16497 154 
16499 155 
16503 156 
16504 157 
16506 158 
16507 159 
16508 160 
16510 161 
16511 162 
16513 163 
16517 164 
16519 165 
16520 166 
16522 167 
16525 168 
16526 169 S
16527 170 S
16528 171 
16529 172 
16531 173 
16533 174 
16536 175 
16537 176 
16538 177 
16539 178 
16540 179 
16541 180 
16542 181 
16543 182 
16544 183 
16549 184 
16552 185 
16557 186 
16558 187 
16560 188 
16564 189 
16565 190 
16566 191 
16568 192 
16569 193 
16571 194 
16573 195 
16576 196 
16578 197 
16579 198 
16581 199 
16583 200 
16586 201 
16587 202 
16591 203 
16593 204 
16595 205 
16598 206 
16605 207 
16606 208 
16607 209 
16608 210 
16609 211 
16612 212 
16615 213 
16616 214 
16618 215 
16622 216 
16623 217 
16625 218 
16628 219 
16630 220 
16631 221 
16632 222 
16638 223 
16640 224 
16643 225 
16646 226 
16649 227 
16653 228 
16655 229 
16659 230 
16661 231 
16663 232 
16666 233 
16667 234 
16669 235 
16671 236 
16673 237 
16678 238 
16680 239 
16681 240 
16682 241 
16683 242 
16685 243 
16686 244 
16687 245 
16689 246 
16690 247 
16691 248 
16696 249 
16697 250 
16699 251 
16702 252 
16706 253 
16708 254 
16709 255 
16711 256 
16712 257 
16713 258 
16717 259 
16719 260 
16720 261 
16721 262 
16729 263 
16731 264 
16733 265 
16735 266 
16740 267 
16746 268 
16748 269 
16751 270 
16752 271 
16756 272 
16762 273 
16771 274 
16778 275 
16780 276 
16786 277 
16790 278 
16791 279 
16793 280 
16800 281 
16803 282 
16807 283 
16814 284 
16819 285 
16820 286 
16824 287 
16827 288 
16836 289 
16845 290 
16851 291 
16852 292 
16855 293 
16859 294 
16864 295 S
16869 296 
16873 297 
16878 298 
16881 299 
16889 300 
16936 301 S
16938 302 
16941 303 
16942 304 
16945 305 
16946 306 
16950 307 
16952 308 
16954 309 
16955 310 
16959 311 
16963 312 
16965 313 
16968 314 
16969 315 
16971 316 
16981 317 
16983 318 
16988 319 
16992 320 
16993 321 
16994 322 
16995 323 
16997 324 
16998 325 
17003 326 
17008 327 
17009 328 
17011 329 
17012 330 
17014 331 
17020 332 
17023 333 
17028 334 
17032 335 
17035 336 
17038 337 
17043 338 
17047 339 
17048 340 
17050 341 
17052 342 
17057 343 
17059 344 
17062 345 
17065 346 
17066 347 
17071 348 
17076 349 
17081 350 
17087 351 
17091 352 
17093 353 
17095 354 
17099 355 
17102 356 
17103 357 
17110 358 
17118 359 
17120 360 
17125 361 
17126 362 
17134 363 
17137 364 
17140 365 
17143 366 
17144 367 
17147 368 
17148 369 
17149 370 
17154 371 
17155 372 
17158 373 
17164 374 
17165 375 
17166 376 
17179 377 
17183 378 
17187 379 
17190 380 
17196 381 
17197 382 
17201 383 
17202 384 
17210 385 
17215 386 
17216 387 
17219 388 
17220 389 
17222 390 
17223 391 
17230 392 
17233 393 
17239 394 
17242 395 
17243 396 
17251 397 
17257 398 
17263 399 
17272 400 
17274 401 
17275 402 
17279 403 
17284 404 
17288 405 
17290 406 
17292 407 
17294 408 
17297 409 
17299 410 
17306 411 
17308 412 
17312 413 S
17314 414 
17320 415 
17321 416 
17325 417 
17329 418 
17338 419 
17345 420 
17347 421 
17352 422 
17377 423 
17384 424 S
17403 425 
17404 426 
17405 427 
17406 428 
17407 429 
17408 430 S
17409 431 
17410 432 
17411 433 
17412 434 
17413 435 
17414 436 
17415 437 
17416 438 
17417 439 S
